> sim2$epi$i.num
   sim1 sim2 sim3 sim4 sim5 sim6 sim7 sim8 sim9 sim10
1    50   50   50   50   50   50   50   50   50    50
2    59   58   58   62   62   49   64   53   56    55
3    56   66   75   64   64   70   62   50   58    63
4    59   66   91   71   73   81   75   61   58    53
5    51   74  103   81   75  114   80   64   49    55
6    50   85  121   83   66  130   77   70   61    61
7    48  112  144   87   60  140   66   76   69    62
8    49  120  167   83   55  158   78   87   84    64
9    53  122  177   84   50  174   86   87   83    65
10   61  132  194   84   47  185   80   88   82    60
11   76  138  205   88   55  189  102   89   77    62
12   83  143  201  104   65  190  133  108   97    65
13   94  135  198  130   60  204  149  118   96    73
14   75  136  201  120   59  199  158  125   92    77
15   78  151  204  122   62  202  165  152   86    78
16   80  153  215  126   54  216  169  167   95    79
17   78  176  228  110   56  239  162  181  104    75
18   80  170  240  112   68  229  144  180  115    75
19   83  148  196   89   64  217  154  194  105    82
20   93  139  169   96   69  207  172  198  111    90
21   86  146  158  100   69  173  157  198  111    93
22   97  133  149  105   67  160  160  190  120   103
23  104  135  145  111   66  145  159  185  128   104
24  124  125  149  103   62  142  154  176  125   116
25  126  123  156  108   53  135  165  171  112   115
26  118  126  132  112   57  116  155  151  129   112
27  116  123  131  109   60  100  152  149  126   123
28  122  112  114  113   53   92  155  140  131   116
29  118  107  117  110   45   86  163  122  125   113
30  129   91  110   97   45   80  167  119  122   102
31  133   79   93  101   42   70  163  103  132   100
32  125   81   83  106   39   76  157   98  142    83
33  115   82   69  111   35   72  142   96  144    90
34  109   76   47  112   41   68  132   89  141    92
35  101   71   38  103   41   65  120   80  137    79
36   97   61   38   95   37   58  106   71  137    79
37   95   65   41   82   42   49   98   51  122    80
38   93   57   37   81   44   45   98   42   93    71
39   89   52   36   82   47   38   90   30   93    67
40   93   44   33   79   41   35   73   28   79    61

> sim2$epi$r.num
   sim1 sim2 sim3 sim4 sim5 sim6 sim7 sim8 sim9 sim10
1    30   30   30   30   30   30   30   30   30    30
2    73   75   80   77   62   76   65   72   72    71
3   119  129  125  127  116  115  116  118  118   117
4   156  175  191  181  167  176  161  158  157   177
5   215  240  277  237  231  239  226  214  217   225
6   257  304  353  312  302  340  287  263  248   270
7   292  376  439  376  379  451  351  321  306   327
8   342  467  547  450  433  571  407  375  357   379
9   383  577  699  518  475  703  479  443  434   430
10  427  684  839  591  516  852  564  517  519   494
11  469  804  991  665  546 1009  612  591  604   537
12  534  917 1160  729  594 1158  701  668  669   594
13  597 1038 1326  807  658 1295  818  753  745   647
14  691 1155 1499  916  707 1485  950  835  835   699
15  760 1267 1661 1024  770 1634 1078  924  915   767
16  827 1406 1804 1122  825 1792 1208 1030  978   841
17  894 1527 1963 1230  868 1947 1320 1178 1054   908
18  951 1673 2144 1329  908 2151 1453 1338 1141   969
19 1011 1815 2322 1424  968 2332 1551 1480 1236  1025
20 1076 1939 2468 1502 1013 2496 1653 1642 1323  1086
21 1149 2038 2593 1579 1050 2652 1794 1806 1434  1164
22 1204 2133 2725 1660 1107 2783 1913 1968 1530  1232
23 1290 2229 2843 1732 1159 2901 2021 2112 1621  1316
24 1353 2344 2946 1832 1215 3008 2141 2254 1725  1407
25 1445 2439 3055 1911 1268 3110 2247 2393 1830  1497
26 1539 2528 3161 1997 1303 3215 2377 2527 1916  1588
27 1636 2627 3241 2081 1349 3304 2501 2634 2025  1666
28 1727 2721 3340 2166 1393 3370 2594 2748 2110  1759
29 1819 2812 3401 2245 1445 3439 2713 2861 2211  1844
30 1920 2902 3480 2329 1480 3496 2815 2939 2309  1951
31 2019 2969 3558 2402 1513 3544 2929 3037 2393  2025
32 2126 3024 3617 2481 1544 3583 3045 3100 2491  2118
33 2219 3074 3682 2558 1578 3634 3163 3169 2617  2179
34 2302 3135 3736 2638 1605 3685 3259 3231 2711  2250
35 2387 3188 3773 2728 1642 3743 3345 3298 2805  2333
36 2454 3237 3797 2800 1677 3779 3426 3353 2899  2401
37 2524 3275 3821 2869 1711 3823 3513 3405 3002  2446
38 2595 3315 3850 2923 1751 3857 3575 3447 3101  2509
39 2649 3351 3871 2978 1783 3881 3654 3482 3174  2562
40 2726 3389 3888 3033 1832 3902 3726 3498 3248  2610
> sim2$epi$s.num
   sim1 sim2 sim3 sim4 sim5 sim6 sim7 sim8 sim9 sim10
1  9920 9920 9920 9920 9920 9920 9920 9920 9920  9920
2  9868 9867 9862 9861 9876 9875 9871 9875 9872  9874
3  9825 9805 9800 9809 9820 9815 9822 9832 9824  9820
4  9785 9759 9718 9748 9760 9743 9764 9781 9785  9770
5  9734 9686 9620 9682 9694 9647 9694 9722 9734  9720
6  9693 9611 9526 9605 9632 9530 9636 9667 9691  9669
7  9660 9512 9417 9537 9561 9409 9583 9603 9625  9611
8  9609 9413 9286 9467 9512 9271 9515 9538 9559  9557
9  9564 9301 9124 9398 9475 9123 9435 9470 9483  9505
10 9512 9184 8967 9325 9437 8963 9356 9395 9399  9446
11 9455 9058 8804 9247 9399 8802 9286 9320 9319  9401
12 9383 8940 8639 9167 9341 8652 9166 9224 9234  9341
13 9309 8827 8476 9063 9282 8501 9033 9129 9159  9280
14 9234 8709 8300 8964 9234 8316 8892 9040 9073  9224
15 9162 8582 8135 8854 9168 8164 8757 8924 8999  9155
16 9093 8441 7981 8752 9121 7992 8623 8803 8927  9080
17 9028 8297 7809 8660 9076 7814 8518 8641 8842  9017
18 8969 8157 7616 8559 9024 7620 8403 8482 8744  8956
19 8906 8037 7482 8487 8968 7451 8295 8326 8659  8893
20 8831 7922 7363 8402 8918 7297 8175 8160 8566  8824
21 8765 7816 7249 8321 8881 7175 8049 7996 8455  8743
22 8699 7734 7126 8235 8826 7057 7927 7842 8350  8665
23 8606 7636 7012 8157 8775 6954 7820 7703 8251  8580
24 8523 7531 6905 8065 8723 6850 7705 7570 8150  8477
25 8429 7438 6789 7981 8679 6755 7588 7436 8058  8388
26 8343 7346 6707 7891 8640 6669 7468 7322 7955  8300
27 8248 7250 6628 7810 8591 6596 7347 7217 7849  8211
28 8151 7167 6546 7721 8554 6538 7251 7112 7759  8125
29 8063 7081 6482 7645 8510 6475 7124 7017 7664  8043
30 7951 7007 6410 7574 8475 6424 7018 6942 7569  7947
31 7848 6952 6349 7497 8445 6386 6908 6860 7475  7875
32 7749 6895 6300 7413 8417 6341 6798 6802 7367  7799
33 7666 6844 6249 7331 8387 6294 6695 6735 7239  7731
34 7589 6789 6217 7250 8354 6247 6609 6680 7148  7658
35 7512 6741 6189 7169 8317 6192 6535 6622 7058  7588
36 7449 6702 6165 7105 8286 6163 6468 6576 6964  7520
37 7381 6660 6138 7049 8247 6128 6389 6544 6876  7474
38 7312 6628 6113 6996 8205 6098 6327 6511 6806  7420
39 7262 6597 6093 6940 8170 6081 6256 6488 6733  7371
40 7181 6567 6079 6888 8127 6063 6201 6474 6673  7329
