   sim1 sim2 sim3 sim4 sim5 sim6 sim7 sim8 sim9 sim10
1    78   78   78   78   78   78   78   78   78    78
2    90   80   76   80   83   58  101   84   78    84
3    76   88   72   83   75   70   89   76   75    80
4    73   79   67   83   69   70   94   86   72    84
5    69   76   72   72   63   70   96   85   69    71
6    60   73   77   69   62   67   95   62   68    57
7    64   64   78   68   52   56   89   64   56    58
8    55   62   78   67   51   50   84   64   49    55
9    49   68   76   68   40   49   69   70   57    45
10   45   67   85   53   44   39   53   71   62    47
11   40   67   87   48   43   35   46   70   62    48
12   22   67   78   44   48   32   45   66   59    52
13   27   61   74   36   50   29   44   58   52    61
14   30   63   66   32   55   30   48   44   60    49
15   33   58   56   33   55   36   39   32   55    39
16   21   63   56   34   55   39   36   31   50    43
17   24   70   50   37   51   43   32   27   42    43
18   28   66   46   40   51   41   25   26   53    42
19   32   62   42   45   50   41   23   24   49    30
20   25   63   31   38   42   43   17   18   49    24
21   34   66   28   47   42   35   15   20   49    19
22   32   54   24   43   37   42   14   11   44    24
23   31   48   20   43   39   42   14    8   43    28
24   28   49   14   43   27   45   12    3   44    21
25   31   36   15   40   25   43    8    5   42    12
26   29   37   14   40   34   42    7    5   39     9
27   24   46   14   36   32   42    6    5   39     5
28   24   35   11   34   29   34    6    2   33     2
29   24   31   13   39   35   32    8    2   32     5
30   24   28   13   42   37   26    6    2   33     7
31   24   25   12   36   34   25    6    2   30     7
32   20   22   13   26   25   21    8    4   34     7
33   20   17   10   24   26   26    5    5   25     6
34   17   13   11   18   22   22    6    5   25     5
35   14   13   13   16   21   25    5    7   20     5
36   19   15   16   13   18   26    6    6   18     6
37   24   15   15   14   13   21    4    4   15    10
38   26   12   14   15   12   23    3    7   13     9
39   19    9   13   10    9   20    3    7   14    12
40   14   10   11    8    8   20    1    4   10    11