  sim1 sim2 sim3 sim4 sim5 sim6 sim7 sim8 sim9 sim10
1    47   47   47   47   47   47   47   47   47    47
2    54   56   59   53   48   62   64   56   50    55
3    68   63   68   52   44   76   77   65   44    66
4    86   63   84   60   67   88   83   71   50    69
5    94   69   81   75   74  111  100   73   46    74
6   101   91   90   95   83  138   95   74   51   101
7   101  119  109  112   90  155   90   70   64   101
8    97  139  118  130   90  155   98   75   75   115
9    96  153  136  132  111  140  100   74   95   118
10   90  164  152  138  113  147  100   86  112   113
11  107  178  157  121  135  170  101   89  121   122
12  111  179  171  139  136  181  116   91  135   136
13  100  161  171  143  156  198  104  100  151   164
14   88  154  191  148  156  190   95  102  148   153
15   87  185  206  163  154  177   91   96  164   156
16   79  191  217  174  152  170   92  104  147   165
17   90  182  214  175  166  179   94  114  153   176
18  100  170  216  158  162  164   99  117  156   155
19  109  154  217  146  147  155  101  115  159   150
20  111  153  191  148  121  143  101  114  166   145
21  117  135  166  135  126  147   88  110  169   149
22  133  141  159  137  134  141   97  113  164   130
23  148  109  138  134  133  126   79  112  188   118
24  156  108  113  130  126  106   73  111  190   118
25  154  102  101  147  105   87   72  107  153   106
26  134  105   96  146  112   76   76   94  141    99
27  134   84   83  132   99   74   75   93  130    77
28  121   75   74  127   96   61   83   88  126    68
29  116   76   70  122   81   52   79   73  103    74
30  101   72   62  109   78   54   76   61   90    69
31   87   61   57  108   81   55   70   50   71    69
32   81   56   61   83   71   44   70   47   72    60
33   84   46   52   81   59   31   68   42   59    59
34   71   33   47   79   51   24   63   39   54    53
35   63   28   35   75   43   18   56   39   45    51
36   56   26   29   62   36   14   62   49   37    48
37   43   21   23   53   29   11   65   51   31    44
38   42   19   20   40   29   12   49   45   18    38
39   43   16   17   35   26   10   50   36   11    40
40   32   10   13   29   23   10   43   31    8    45