     sim1 sim2 sim3 sim4 sim5 sim6 sim7 sim8 sim9 sim10
1    50   50   50   50   50   50   50   50   50    50
2    56   63   47   52   61   48   51   62   57    57
3    56   67   47   50   66   46   46   58   62    59
4    58   63   51   54   67   43   46   56   67    67
5    67   69   63   52   83   39   43   64   79    77
6    66   87   69   52  106   29   48   68   79    94
7    76  100   78   55  135   28   48   71   87   105
8    68  115   84   65  163   30   49   75   94    99
9    82  103   72   85  155   36   59   73  104   106
10   98  111   72   87  166   40   51   76  105   117
11  108  110   82   95  167   52   57   79  119   139
12  101  119   75  102  175   50   59   76  131   153
13   94  125   64  102  173   50   72   88  133   162
14  102  137   76  110  200   49   75  109  130   170
15  111  140   87  113  191   51   83  113  141   173
16  109  152   95  104  192   54  101  128  144   169
17  107  164   96  109  210   53   92  129  151   179
18  109  160   99   87  208   57   95  134  128   162
19  105  163  107   88  221   63  104  147  128   168
20  102  154  106   79  206   73  114  146  121   156
21  105  150  109   73  180   70  123  151  116   173
22  101  153  104   79  149   79  122  139  107   169
23  108  135  104   84  140   85  132  116  116   170
24  100  135  114   95  139   88  124  125  110   171
25   82  120  103   86  121   96  112  137  110   159
26   99  118  108   86  110   86  108  140  114   157
27  105  114  106   88   92   80  101  133  115   142
28   96  119  116   87   93   86  110  107  124   114
29   86   98  104   91   84   94  107  107  119   103
30   70  103   93  103   72  109  104   93  121    87
31   78   85   94   96   60  104   92   87  123    86
32   73   82  101  100   55  110   80   84  112    84
33   65   77   99  109   40  110   72   77   98    72
34   62   84   99  101   37  115   71   73   88    63
35   81   79   95   96   28  114   68   80   80    50
36   80   79  102   84   25  116   65   76   74    42
37   91   75   91   87   25  111   62   68   78    30
38   80   48   81   83   20  104   60   65   82    25
39   79   49   85   87   17  111   50   59   64    22
40   61   35   80   94   17  114   47   49   64    19
41   65   33   79   87   17  122   28   40   48    10
42   63   31   72   86   15  119   23   39   47     6
43   53   29   59   62   10  115   24   38   46     6
44   54   31   60   63    9   98   26   30   46     7
45   48   31   63   48   10   92   19   26   47     8
46   41   31   51   43    9   95   17   30   39     6
47   38   26   38   37    9   95   17   32   37     6
48   48   17   38   40    8   91   17   31   35     5
49   38   11   38   32    6   80   15   36   35     5
50   37    6   30   34    5   68   12   40   26     5
51   37    8   20   31    3   45   16   35   23     5
52   32   14   16   31    4   45   10   37   21     7
53   34   15   12   25    6   37    8   27   16     4
54   31   11   11   24    2   38    7   22   16     4
55   29    9    8   23    3   35    6   24   11     2
56   31   12    8   23    2   27    4   19   10     1
57   30   10   10   18    2   27    1   16   10     0
58   30   12    8   19    2   20    1   14    7     0
59   21    8    7   16    1   14    2   10    9     0
60   16    9    7   14    1   10    2    8   10     0
61   14    9    3   10    1   10    0    6    6     0
62   13    9    2   13    1    5    0    5    2     0
63   12    8    1   12    0    8    0    4    1     0
64   15    6    0   14    0    7    0    5    1     0
65   12    6    0   17    0    9    0    6    1     0
66   12    5    0   19    0    7    0    1    0     0
67   10    4    0   15    0    6    0    2    0     0
68    9    5    0   12    0    3    0    3    0     0
69    8    4    0    7    0    2    0    3    0     0
70    8    3    0    4    0    1    0    5    0     0
71    8    4    0    4    0    1    0    6    0     0
72    7    2    0    3    0    0    0    8    0     0
73    6    0    0    3    0    0    0    4    0     0
74    5    0    0    5    0    0    0    6    0     0
75    8    0    0    9    0    0    0    4    0     0
76    8    0    0    9    0    0    0    3    0     0
77    4    0    0    7    0    0    0    4    0     0
78    4    0    0    7    0    0    0    3    0     0
79    2    0    0    2    0    0    0    2    0     0
80    2    0    0    1    0    0    0    1    0     0