> sim2$epi
$s.num
   sim1 sim2 sim3 sim4 sim5 sim6 sim7 sim8 sim9 sim10
1  9920 9920 9920 9920 9920 9920 9920 9920 9920  9920
2  9871 9852 9872 9878 9868 9873 9871 9869 9874  9864
3  9808 9779 9834 9833 9819 9837 9830 9826 9815  9804
4  9765 9728 9788 9780 9768 9804 9797 9776 9742  9743
5  9712 9670 9724 9733 9702 9775 9753 9734 9673  9676
6  9644 9600 9667 9697 9612 9746 9711 9673 9615  9603
7  9570 9512 9603 9654 9506 9718 9665 9604 9536  9512
8  9501 9415 9524 9608 9377 9692 9619 9533 9463  9424
9  9432 9311 9465 9546 9244 9661 9564 9474 9378  9340
10 9367 9214 9397 9474 9121 9626 9516 9406 9290  9237
11 9293 9127 9325 9402 8987 9587 9460 9342 9192  9129
12 9216 9025 9259 9307 8833 9540 9407 9274 9078  9011
13 9125 8920 9207 9218 8684 9494 9343 9205 8962  8874
14 9042 8813 9151 9126 8510 9462 9274 9115 8848  8725
15 8943 8698 9088 9051 8363 9423 9203 9015 8745  8580
16 8851 8583 9012 8962 8200 9383 9119 8902 8627  8437
17 8758 8467 8937 8885 8047 9326 9031 8786 8496  8287
18 8649 8329 8857 8808 7896 9278 8961 8675 8377  8158
19 8560 8195 8761 8730 7727 9219 8880 8543 8269  8024
20 8476 8070 8679 8673 7575 9157 8783 8395 8170  7903
21 8392 7949 8594 8604 7441 9086 8686 8276 8075  7772
22 8300 7845 8508 8544 7320 9010 8581 8156 7980  7634
23 8212 7752 8425 8468 7207 8936 8481 8069 7908  7510
24 8130 7650 8341 8396 7100 8871 8376 7966 7815  7383
25 8069 7556 8258 8318 7017 8783 8285 7859 7726  7255
26 7985 7458 8183 8250 6943 8715 8197 7744 7643  7138
27 7911 7379 8095 8178 6861 8645 8110 7657 7555  7038
28 7831 7289 8016 8108 6808 8587 8029 7579 7463  6953
29 7773 7212 7942 8042 6749 8504 7941 7493 7365  6876
30 7718 7158 7877 7957 6700 8408 7861 7418 7274  6823
31 7654 7094 7806 7885 6666 8321 7796 7360 7190  6767
32 7599 7037 7739 7805 6627 8230 7722 7287 7098  6714
33 7556 6989 7672 7725 6602 8155 7668 7223 7020  6661
34 7498 6937 7592 7645 6577 8070 7611 7164 6953  6617
35 7430 6877 7521 7572 6560 7975 7565 7113 6899  6573
36 7368 6821 7456 7505 6541 7880 7513 7056 6850  6549
37 7310 6768 7390 7445 6527 7797 7466 7002 6798  6528
38 7250 6737 7327 7384 6515 7705 7420 6952 6733  6510
39 7193 6705 7276 7319 6506 7620 7370 6917 6692  6498
40 7153 6674 7218 7251 6492 7540 7330 6883 6645  6487
41 7114 6650 7157 7186 6478 7439 7314 6857 6613  6476
42 7068 6631 7101 7127 6467 7345 7296 6826 6576  6472
43 7030 6608 7060 7082 6456 7260 7278 6807 6549  6468
44 6988 6588 7021 7043 6449 7179 7257 6786 6518  6462
45 6955 6563 6983 7005 6439 7097 7243 6770 6481  6459
46 6922 6545 6947 6970 6433 7028 7226 6752 6454  6454
47 6891 6527 6927 6949 6427 6965 7217 6732 6426  6451
48 6856 6512 6901 6913 6423 6897 7204 6706 6407  6444
49 6826 6505 6877 6893 6417 6835 7195 6678 6383  6441
50 6795 6503 6858 6872 6414 6786 7185 6651 6366  6439
51 6767 6497 6850 6856 6409 6746 7177 6625 6353  6435
52 6740 6485 6842 6838 6407 6719 7168 6596 6335  6432
53 6720 6476 6834 6813 6403 6690 7166 6576 6323  6431
54 6699 6467 6825 6797 6400 6669 7164 6561 6313  6429
55 6671 6461 6820 6782 6397 6649 7160 6541 6307  6428
56 6646 6454 6818 6759 6397 6627 7157 6528 6301  6427
57 6621 6440 6810 6747 6397 6614 7156 6519 6297  6427
58 6594 6431 6803 6739 6396 6600 7155 6511 6292  6427
59 6574 6424 6801 6727 6395 6590 7152 6507 6285  6427
60 6562 6419 6796 6718 6395 6582 7151 6498 6281  6427
61 6555 6410 6795 6710 6394 6576 7150 6493 6279  6427
62 6545 6406 6790 6700 6393 6573 7150 6491 6277  6427
63 6538 6396 6788 6691 6393 6567 7150 6485 6277  6427
64 6527 6390 6787 6678 6393 6563 7150 6483 6276  6427
65 6519 6387 6787 6669 6393 6559 7150 6480 6276  6427
66 6512 6384 6787 6654 6393 6553 7150 6478 6276  6427
67 6502 6380 6787 6645 6393 6548 7150 6477 6276  6427
68 6494 6376 6787 6640 6393 6545 7150 6476 6276  6427
69 6487 6374 6787 6637 6393 6542 7150 6474 6276  6427
70 6483 6371 6787 6635 6393 6541 7150 6470 6276  6427
71 6479 6369 6787 6634 6393 6540 7150 6466 6276  6427
72 6477 6369 6787 6633 6393 6540 7150 6462 6276  6427
73 6473 6369 6787 6631 6393 6540 7150 6456 6276  6427
74 6468 6369 6787 6627 6393 6540 7150 6451 6276  6427
75 6464 6369 6787 6621 6393 6540 7150 6444 6276  6427
76 6458 6369 6787 6617 6393 6540 7150 6441 6276  6427
77 6451 6369 6787 6614 6393 6540 7150 6440 6276  6427
78 6449 6369 6787 6612 6393 6540 7150 6438 6276  6427
79 6447 6369 6787 6609 6393 6540 7150 6437 6276  6427
80 6447 6369 6787 6607 6393 6540 7150 6437 6276  6427

$i.num
   sim1 sim2 sim3 sim4 sim5 sim6 sim7 sim8 sim9 sim10
1    50   50   50   50   50   50   50   50   50    50
2    56   63   47   52   61   48   51   62   57    57
3    56   67   47   50   66   46   46   58   62    59
4    58   63   51   54   67   43   46   56   67    67
5    67   69   63   52   83   39   43   64   79    77
6    66   87   69   52  106   29   48   68   79    94
7    76  100   78   55  135   28   48   71   87   105
8    68  115   84   65  163   30   49   75   94    99
9    82  103   72   85  155   36   59   73  104   106
10   98  111   72   87  166   40   51   76  105   117
11  108  110   82   95  167   52   57   79  119   139
12  101  119   75  102  175   50   59   76  131   153
13   94  125   64  102  173   50   72   88  133   162
14  102  137   76  110  200   49   75  109  130   170
15  111  140   87  113  191   51   83  113  141   173
16  109  152   95  104  192   54  101  128  144   169
17  107  164   96  109  210   53   92  129  151   179
18  109  160   99   87  208   57   95  134  128   162
19  105  163  107   88  221   63  104  147  128   168
20  102  154  106   79  206   73  114  146  121   156
21  105  150  109   73  180   70  123  151  116   173
22  101  153  104   79  149   79  122  139  107   169
23  108  135  104   84  140   85  132  116  116   170
24  100  135  114   95  139   88  124  125  110   171
25   82  120  103   86  121   96  112  137  110   159
26   99  118  108   86  110   86  108  140  114   157
27  105  114  106   88   92   80  101  133  115   142
28   96  119  116   87   93   86  110  107  124   114
29   86   98  104   91   84   94  107  107  119   103
30   70  103   93  103   72  109  104   93  121    87
31   78   85   94   96   60  104   92   87  123    86
32   73   82  101  100   55  110   80   84  112    84
33   65   77   99  109   40  110   72   77   98    72
34   62   84   99  101   37  115   71   73   88    63
35   81   79   95   96   28  114   68   80   80    50
36   80   79  102   84   25  116   65   76   74    42
37   91   75   91   87   25  111   62   68   78    30
38   80   48   81   83   20  104   60   65   82    25
39   79   49   85   87   17  111   50   59   64    22
40   61   35   80   94   17  114   47   49   64    19
41   65   33   79   87   17  122   28   40   48    10
42   63   31   72   86   15  119   23   39   47     6
43   53   29   59   62   10  115   24   38   46     6
44   54   31   60   63    9   98   26   30   46     7
45   48   31   63   48   10   92   19   26   47     8
46   41   31   51   43    9   95   17   30   39     6
47   38   26   38   37    9   95   17   32   37     6
48   48   17   38   40    8   91   17   31   35     5
49   38   11   38   32    6   80   15   36   35     5
50   37    6   30   34    5   68   12   40   26     5
51   37    8   20   31    3   45   16   35   23     5
52   32   14   16   31    4   45   10   37   21     7
53   34   15   12   25    6   37    8   27   16     4
54   31   11   11   24    2   38    7   22   16     4
55   29    9    8   23    3   35    6   24   11     2
56   31   12    8   23    2   27    4   19   10     1
57   30   10   10   18    2   27    1   16   10     0
58   30   12    8   19    2   20    1   14    7     0
59   21    8    7   16    1   14    2   10    9     0
60   16    9    7   14    1   10    2    8   10     0
61   14    9    3   10    1   10    0    6    6     0
62   13    9    2   13    1    5    0    5    2     0
63   12    8    1   12    0    8    0    4    1     0
64   15    6    0   14    0    7    0    5    1     0
65   12    6    0   17    0    9    0    6    1     0
66   12    5    0   19    0    7    0    1    0     0
67   10    4    0   15    0    6    0    2    0     0
68    9    5    0   12    0    3    0    3    0     0
69    8    4    0    7    0    2    0    3    0     0
70    8    3    0    4    0    1    0    5    0     0
71    8    4    0    4    0    1    0    6    0     0
72    7    2    0    3    0    0    0    8    0     0
73    6    0    0    3    0    0    0    4    0     0
74    5    0    0    5    0    0    0    6    0     0
75    8    0    0    9    0    0    0    4    0     0
76    8    0    0    9    0    0    0    3    0     0
77    4    0    0    7    0    0    0    4    0     0
78    4    0    0    7    0    0    0    3    0     0
79    2    0    0    2    0    0    0    2    0     0
80    2    0    0    1    0    0    0    1    0     0

$r.num
   sim1 sim2 sim3 sim4 sim5 sim6 sim7 sim8 sim9 sim10
1    30   30   30   30   30   30   30   30   30    30
2    73   85   81   70   71   79   78   69   69    79
3   136  154  119  117  115  117  124  116  123   137
4   177  209  161  166  165  153  157  168  191   190
5   221  261  213  215  215  186  204  202  248   247
6   290  313  264  251  282  225  241  259  306   303
7   354  388  319  291  359  254  287  325  377   383
8   431  470  392  327  460  278  332  392  443   477
9   486  586  463  369  601  303  377  453  518   554
10  535  675  531  439  713  334  433  518  605   646
11  599  763  593  503  846  361  483  579  689   732
12  683  856  666  591  992  410  534  650  791   836
13  781  955  729  680 1143  456  585  707  905   964
14  856 1050  773  764 1290  489  651  776 1022  1105
15  946 1162  825  836 1446  526  714  872 1114  1247
16 1040 1265  893  934 1608  563  780  970 1229  1394
17 1135 1369  967 1006 1743  621  877 1085 1353  1534
18 1242 1511 1044 1105 1896  665  944 1191 1495  1680
19 1335 1642 1132 1182 2052  718 1016 1310 1603  1808
20 1422 1776 1215 1248 2219  770 1103 1459 1709  1941
21 1503 1901 1297 1323 2379  844 1191 1573 1809  2055
22 1599 2002 1388 1377 2531  911 1297 1705 1913  2197
23 1680 2113 1471 1448 2653  979 1387 1815 1976  2320
24 1770 2215 1545 1509 2761 1041 1500 1909 2075  2446
25 1849 2324 1639 1596 2862 1121 1603 2004 2164  2586
26 1916 2424 1709 1664 2947 1199 1695 2116 2243  2705
27 1984 2507 1799 1734 3047 1275 1789 2210 2330  2820
28 2073 2592 1868 1805 3099 1327 1861 2314 2413  2933
29 2141 2690 1954 1867 3167 1402 1952 2400 2516  3021
30 2212 2739 2030 1940 3228 1483 2035 2489 2605  3090
31 2268 2821 2100 2019 3274 1575 2112 2553 2687  3147
32 2328 2881 2160 2095 3318 1660 2198 2629 2790  3202
33 2379 2934 2229 2166 3358 1735 2260 2700 2882  3267
34 2440 2979 2309 2254 3386 1815 2318 2763 2959  3320
35 2489 3044 2384 2332 3412 1911 2367 2807 3021  3377
36 2552 3100 2442 2411 3434 2004 2422 2868 3076  3409
37 2599 3157 2519 2468 3448 2092 2472 2930 3124  3442
38 2670 3215 2592 2533 3465 2191 2520 2983 3185  3465
39 2728 3246 2639 2594 3477 2269 2580 3024 3244  3480
40 2786 3291 2702 2655 3491 2346 2623 3068 3291  3494
41 2821 3317 2764 2727 3505 2439 2658 3103 3339  3514
42 2869 3338 2827 2787 3518 2536 2681 3135 3377  3522
43 2917 3363 2881 2856 3534 2625 2698 3155 3405  3526
44 2958 3381 2919 2894 3542 2723 2717 3184 3436  3531
45 2997 3406 2954 2947 3551 2811 2738 3204 3472  3533
46 3037 3424 3002 2987 3558 2877 2757 3218 3507  3540
47 3071 3447 3035 3014 3564 2940 2766 3236 3537  3543
48 3096 3471 3061 3047 3569 3012 2779 3263 3558  3551
49 3136 3484 3085 3075 3577 3085 2790 3286 3582  3554
50 3168 3491 3112 3094 3581 3146 2803 3309 3608  3556
51 3196 3495 3130 3113 3588 3209 2807 3340 3624  3560
52 3228 3501 3142 3131 3589 3236 2822 3367 3644  3561
53 3246 3509 3154 3162 3591 3273 2826 3397 3661  3565
54 3270 3522 3164 3179 3598 3293 2829 3417 3671  3567
55 3300 3530 3172 3195 3600 3316 2834 3435 3682  3570
56 3323 3534 3174 3218 3601 3346 2839 3453 3689  3572
57 3349 3550 3180 3235 3601 3359 2843 3465 3693  3573
58 3376 3557 3189 3242 3602 3380 2844 3475 3701  3573
59 3405 3568 3192 3257 3604 3396 2846 3483 3706  3573
60 3422 3572 3197 3268 3604 3408 2847 3494 3709  3573
61 3431 3581 3202 3280 3605 3414 2850 3501 3715  3573
62 3442 3585 3208 3287 3606 3422 2850 3504 3721  3573
63 3450 3596 3211 3297 3607 3425 2850 3511 3722  3573
64 3458 3604 3213 3308 3607 3430 2850 3512 3723  3573
65 3469 3607 3213 3314 3607 3432 2850 3514 3723  3573
66 3476 3611 3213 3327 3607 3440 2850 3521 3724  3573
67 3488 3616 3213 3340 3607 3446 2850 3521 3724  3573
68 3497 3619 3213 3348 3607 3452 2850 3521 3724  3573
69 3505 3622 3213 3356 3607 3456 2850 3523 3724  3573
70 3509 3626 3213 3361 3607 3458 2850 3525 3724  3573
71 3513 3627 3213 3362 3607 3459 2850 3528 3724  3573
72 3516 3629 3213 3364 3607 3460 2850 3530 3724  3573
73 3521 3631 3213 3366 3607 3460 2850 3540 3724  3573
74 3527 3631 3213 3368 3607 3460 2850 3543 3724  3573
75 3528 3631 3213 3370 3607 3460 2850 3552 3724  3573
76 3534 3631 3213 3374 3607 3460 2850 3556 3724  3573
77 3545 3631 3213 3379 3607 3460 2850 3556 3724  3573
78 3547 3631 3213 3381 3607 3460 2850 3559 3724  3573
79 3551 3631 3213 3389 3607 3460 2850 3561 3724  3573
80 3551 3631 3213 3392 3607 3460 2850 3562 3724  3573

$num
    sim1  sim2  sim3  sim4  sim5  sim6  sim7  sim8  sim9 sim10
1  10000 10000 10000 10000 10000 10000 10000 10000 10000 10000
2  10000 10000 10000 10000 10000 10000 10000 10000 10000 10000
3  10000 10000 10000 10000 10000 10000 10000 10000 10000 10000
4  10000 10000 10000 10000 10000 10000 10000 10000 10000 10000
5  10000 10000 10000 10000 10000 10000 10000 10000 10000 10000
6  10000 10000 10000 10000 10000 10000 10000 10000 10000 10000
7  10000 10000 10000 10000 10000 10000 10000 10000 10000 10000
8  10000 10000 10000 10000 10000 10000 10000 10000 10000 10000
9  10000 10000 10000 10000 10000 10000 10000 10000 10000 10000
10 10000 10000 10000 10000 10000 10000 10000 10000 10000 10000
11 10000 10000 10000 10000 10000 10000 10000 10000 10000 10000
12 10000 10000 10000 10000 10000 10000 10000 10000 10000 10000
13 10000 10000 10000 10000 10000 10000 10000 10000 10000 10000
14 10000 10000 10000 10000 10000 10000 10000 10000 10000 10000
15 10000 10000 10000 10000 10000 10000 10000 10000 10000 10000
16 10000 10000 10000 10000 10000 10000 10000 10000 10000 10000
17 10000 10000 10000 10000 10000 10000 10000 10000 10000 10000
18 10000 10000 10000 10000 10000 10000 10000 10000 10000 10000
19 10000 10000 10000 10000 10000 10000 10000 10000 10000 10000
20 10000 10000 10000 10000 10000 10000 10000 10000 10000 10000
21 10000 10000 10000 10000 10000 10000 10000 10000 10000 10000
22 10000 10000 10000 10000 10000 10000 10000 10000 10000 10000
23 10000 10000 10000 10000 10000 10000 10000 10000 10000 10000
24 10000 10000 10000 10000 10000 10000 10000 10000 10000 10000
25 10000 10000 10000 10000 10000 10000 10000 10000 10000 10000
26 10000 10000 10000 10000 10000 10000 10000 10000 10000 10000
27 10000 10000 10000 10000 10000 10000 10000 10000 10000 10000
28 10000 10000 10000 10000 10000 10000 10000 10000 10000 10000
29 10000 10000 10000 10000 10000 10000 10000 10000 10000 10000
30 10000 10000 10000 10000 10000 10000 10000 10000 10000 10000
31 10000 10000 10000 10000 10000 10000 10000 10000 10000 10000
32 10000 10000 10000 10000 10000 10000 10000 10000 10000 10000
33 10000 10000 10000 10000 10000 10000 10000 10000 10000 10000
34 10000 10000 10000 10000 10000 10000 10000 10000 10000 10000
35 10000 10000 10000 10000 10000 10000 10000 10000 10000 10000
36 10000 10000 10000 10000 10000 10000 10000 10000 10000 10000
37 10000 10000 10000 10000 10000 10000 10000 10000 10000 10000
38 10000 10000 10000 10000 10000 10000 10000 10000 10000 10000
39 10000 10000 10000 10000 10000 10000 10000 10000 10000 10000
40 10000 10000 10000 10000 10000 10000 10000 10000 10000 10000
41 10000 10000 10000 10000 10000 10000 10000 10000 10000 10000
42 10000 10000 10000 10000 10000 10000 10000 10000 10000 10000
43 10000 10000 10000 10000 10000 10000 10000 10000 10000 10000
44 10000 10000 10000 10000 10000 10000 10000 10000 10000 10000
45 10000 10000 10000 10000 10000 10000 10000 10000 10000 10000
46 10000 10000 10000 10000 10000 10000 10000 10000 10000 10000
47 10000 10000 10000 10000 10000 10000 10000 10000 10000 10000
48 10000 10000 10000 10000 10000 10000 10000 10000 10000 10000
49 10000 10000 10000 10000 10000 10000 10000 10000 10000 10000
50 10000 10000 10000 10000 10000 10000 10000 10000 10000 10000
51 10000 10000 10000 10000 10000 10000 10000 10000 10000 10000
52 10000 10000 10000 10000 10000 10000 10000 10000 10000 10000
53 10000 10000 10000 10000 10000 10000 10000 10000 10000 10000
54 10000 10000 10000 10000 10000 10000 10000 10000 10000 10000
55 10000 10000 10000 10000 10000 10000 10000 10000 10000 10000
56 10000 10000 10000 10000 10000 10000 10000 10000 10000 10000
57 10000 10000 10000 10000 10000 10000 10000 10000 10000 10000
58 10000 10000 10000 10000 10000 10000 10000 10000 10000 10000
59 10000 10000 10000 10000 10000 10000 10000 10000 10000 10000
60 10000 10000 10000 10000 10000 10000 10000 10000 10000 10000
61 10000 10000 10000 10000 10000 10000 10000 10000 10000 10000
62 10000 10000 10000 10000 10000 10000 10000 10000 10000 10000
63 10000 10000 10000 10000 10000 10000 10000 10000 10000 10000
64 10000 10000 10000 10000 10000 10000 10000 10000 10000 10000
65 10000 10000 10000 10000 10000 10000 10000 10000 10000 10000
66 10000 10000 10000 10000 10000 10000 10000 10000 10000 10000
67 10000 10000 10000 10000 10000 10000 10000 10000 10000 10000
68 10000 10000 10000 10000 10000 10000 10000 10000 10000 10000
69 10000 10000 10000 10000 10000 10000 10000 10000 10000 10000
70 10000 10000 10000 10000 10000 10000 10000 10000 10000 10000
71 10000 10000 10000 10000 10000 10000 10000 10000 10000 10000
72 10000 10000 10000 10000 10000 10000 10000 10000 10000 10000
73 10000 10000 10000 10000 10000 10000 10000 10000 10000 10000
74 10000 10000 10000 10000 10000 10000 10000 10000 10000 10000
75 10000 10000 10000 10000 10000 10000 10000 10000 10000 10000
76 10000 10000 10000 10000 10000 10000 10000 10000 10000 10000
77 10000 10000 10000 10000 10000 10000 10000 10000 10000 10000
78 10000 10000 10000 10000 10000 10000 10000 10000 10000 10000
79 10000 10000 10000 10000 10000 10000 10000 10000 10000 10000
80 10000 10000 10000 10000 10000 10000 10000 10000 10000 10000

$si.flow
   sim1 sim2 sim3 sim4 sim5 sim6 sim7 sim8 sim9 sim10
1    NA   NA   NA   NA   NA   NA   NA   NA   NA    NA
2    49   68   48   42   52   47   49   51   46    56
3    63   73   38   45   49   36   41   43   59    60
4    43   51   46   53   51   33   33   50   73    61
5    53   58   64   47   66   29   44   42   69    67
6    68   70   57   36   90   29   42   61   58    73
7    74   88   64   43  106   28   46   69   79    91
8    69   97   79   46  129   26   46   71   73    88
9    69  104   59   62  133   31   55   59   85    84
10   65   97   68   72  123   35   48   68   88   103
11   74   87   72   72  134   39   56   64   98   108
12   77  102   66   95  154   47   53   68  114   118
13   91  105   52   89  149   46   64   69  116   137
14   83  107   56   92  174   32   69   90  114   149
15   99  115   63   75  147   39   71  100  103   145
16   92  115   76   89  163   40   84  113  118   143
17   93  116   75   77  153   57   88  116  131   150
18  109  138   80   77  151   48   70  111  119   129
19   89  134   96   78  169   59   81  132  108   134
20   84  125   82   57  152   62   97  148   99   121
21   84  121   85   69  134   71   97  119   95   131
22   92  104   86   60  121   76  105  120   95   138
23   88   93   83   76  113   74  100   87   72   124
24   82  102   84   72  107   65  105  103   93   127
25   61   94   83   78   83   88   91  107   89   128
26   84   98   75   68   74   68   88  115   83   117
27   74   79   88   72   82   70   87   87   88   100
28   80   90   79   70   53   58   81   78   92    85
29   58   77   74   66   59   83   88   86   98    77
30   55   54   65   85   49   96   80   75   91    53
31   64   64   71   72   34   87   65   58   84    56
32   55   57   67   80   39   91   74   73   92    53
33   43   48   67   80   25   75   54   64   78    53
34   58   52   80   80   25   85   57   59   67    44
35   68   60   71   73   17   95   46   51   54    44
36   62   56   65   67   19   95   52   57   49    24
37   58   53   66   60   14   83   47   54   52    21
38   60   31   63   61   12   92   46   50   65    18
39   57   32   51   65    9   85   50   35   41    12
40   40   31   58   68   14   80   40   34   47    11
41   39   24   61   65   14  101   16   26   32    11
42   46   19   56   59   11   94   18   31   37     4
43   38   23   41   45   11   85   18   19   27     4
44   42   20   39   39    7   81   21   21   31     6
45   33   25   38   38   10   82   14   16   37     3
46   33   18   36   35    6   69   17   18   27     5
47   31   18   20   21    6   63    9   20   28     3
48   35   15   26   36    4   68   13   26   19     7
49   30    7   24   20    6   62    9   28   24     3
50   31    2   19   21    3   49   10   27   17     2
51   28    6    8   16    5   40    8   26   13     4
52   27   12    8   18    2   27    9   29   18     3
53   20    9    8   25    4   29    2   20   12     1
54   21    9    9   16    3   21    2   15   10     2
55   28    6    5   15    3   20    4   20    6     1
56   25    7    2   23    0   22    3   13    6     1
57   25   14    8   12    0   13    1    9    4     0
58   27    9    7    8    1   14    1    8    5     0
59   20    7    2   12    1   10    3    4    7     0
60   12    5    5    9    0    8    1    9    4     0
61    7    9    1    8    1    6    1    5    2     0
62   10    4    5   10    1    3    0    2    2     0
63    7   10    2    9    0    6    0    6    0     0
64   11    6    1   13    0    4    0    2    1     0
65    8    3    0    9    0    4    0    3    0     0
66    7    3    0   15    0    6    0    2    0     0
67   10    4    0    9    0    5    0    1    0     0
68    8    4    0    5    0    3    0    1    0     0
69    7    2    0    3    0    3    0    2    0     0
70    4    3    0    2    0    1    0    4    0     0
71    4    2    0    1    0    1    0    4    0     0
72    2    0    0    1    0    0    0    4    0     0
73    4    0    0    2    0    0    0    6    0     0
74    5    0    0    4    0    0    0    5    0     0
75    4    0    0    6    0    0    0    7    0     0
76    6    0    0    4    0    0    0    3    0     0
77    7    0    0    3    0    0    0    1    0     0
78    2    0    0    2    0    0    0    2    0     0
79    2    0    0    3    0    0    0    1    0     0
80    0    0    0    2    0    0    0    0    0     0

$ir.flow
   sim1 sim2 sim3 sim4 sim5 sim6 sim7 sim8 sim9 sim10
1    NA   NA   NA   NA   NA   NA   NA   NA   NA    NA
2    43   55   51   40   41   49   48   39   39    49
3    63   69   38   47   44   38   46   47   54    58
4    41   55   42   49   50   36   33   52   68    53
5    44   52   52   49   50   33   47   34   57    57
6    69   52   51   36   67   39   37   57   58    56
7    64   75   55   40   77   29   46   66   71    80
8    77   82   73   36  101   24   45   67   66    94
9    55  116   71   42  141   25   45   61   75    77
10   49   89   68   70  112   31   56   65   87    92
11   64   88   62   64  133   27   50   61   84    86
12   84   93   73   88  146   49   51   71  102   104
13   98   99   63   89  151   46   51   57  114   128
14   75   95   44   84  147   33   66   69  117   141
15   90  112   52   72  156   37   63   96   92   142
16   94  103   68   98  162   37   66   98  115   147
17   95  104   74   72  135   58   97  115  124   140
18  107  142   77   99  153   44   67  106  142   146
19   93  131   88   77  156   53   72  119  108   128
20   87  134   83   66  167   52   87  149  106   133
21   81  125   82   75  160   74   88  114  100   114
22   96  101   91   54  152   67  106  132  104   142
23   81  111   83   71  122   68   90  110   63   123
24   90  102   74   61  108   62  113   94   99   126
25   79  109   94   87  101   80  103   95   89   140
26   67  100   70   68   85   78   92  112   79   119
27   68   83   90   70  100   76   94   94   87   115
28   89   85   69   71   52   52   72  104   83   113
29   68   98   86   62   68   75   91   86  103    88
30   71   49   76   73   61   81   83   89   89    69
31   56   82   70   79   46   92   77   64   82    57
32   60   60   60   76   44   85   86   76  103    55
33   51   53   69   71   40   75   62   71   92    65
34   61   45   80   88   28   80   58   63   77    53
35   49   65   75   78   26   96   49   44   62    57
36   63   56   58   79   22   93   55   61   55    32
37   47   57   77   57   14   88   50   62   48    33
38   71   58   73   65   17   99   48   53   61    23
39   58   31   47   61   12   78   60   41   59    15
40   58   45   63   61   14   77   43   44   47    14
41   35   26   62   72   14   93   35   35   48    20
42   48   21   63   60   13   97   23   32   38     8
43   48   25   54   69   16   89   17   20   28     4
44   41   18   38   38    8   98   19   29   31     5
45   39   25   35   53    9   88   21   20   36     2
46   40   18   48   40    7   66   19   14   35     7
47   34   23   33   27    6   63    9   18   30     3
48   25   24   26   33    5   72   13   27   21     8
49   40   13   24   28    8   73   11   23   24     3
50   32    7   27   19    4   61   13   23   26     2
51   28    4   18   19    7   63    4   31   16     4
52   32    6   12   18    1   27   15   27   20     1
53   18    8   12   31    2   37    4   30   17     4
54   24   13   10   17    7   20    3   20   10     2
55   30    8    8   16    2   23    5   18   11     3
56   23    4    2   23    1   30    5   18    7     2
57   26   16    6   17    0   13    4   12    4     1
58   27    7    9    7    1   21    1   10    8     0
59   29   11    3   15    2   16    2    8    5     0
60   17    4    5   11    0   12    1   11    3     0
61    9    9    5   12    1    6    3    7    6     0
62   11    4    6    7    1    8    0    3    6     0
63    8   11    3   10    1    3    0    7    1     0
64    8    8    2   11    0    5    0    1    1     0
65   11    3    0    6    0    2    0    2    0     0
66    7    4    0   13    0    8    0    7    1     0
67   12    5    0   13    0    6    0    0    0     0
68    9    3    0    8    0    6    0    0    0     0
69    8    3    0    8    0    4    0    2    0     0
70    4    4    0    5    0    2    0    2    0     0
71    4    1    0    1    0    1    0    3    0     0
72    3    2    0    2    0    1    0    2    0     0
73    5    2    0    2    0    0    0   10    0     0
74    6    0    0    2    0    0    0    3    0     0
75    1    0    0    2    0    0    0    9    0     0
76    6    0    0    4    0    0    0    4    0     0
77   11    0    0    5    0    0    0    0    0     0
78    2    0    0    2    0    0    0    3    0     0
79    4    0    0    8    0    0    0    2    0     0
80    0    0    0    3    0    0    0    1    0     0


